{"model_name": "FlexOlmo-8x7B-1T-a4-55B-v2", "model_path": "/work/training/FlexMoRE/models/FlexOlmo-8x7B-1T-a4-55B-v2", "record_type": "routing_batch", "run_label": "native_full", "example_id": "mkqa_en_00000", "language": "en", "usage": [1.0, 0.0, 0.0, 0.0, 0.0, 0.0, 0.0, 0.0], "entropy_mean": 1.8672428131103516, "coactivation_matrix": [[16.0, 13.0, 0.0, 2.0, 4.0, 13.0, 16.0, 0.0], [13.0, 13.0, 0.0, 2.0, 1.0, 10.0, 13.0, 0.0], [0.0, 0.0, 0.0, 0.0, 0.0, 0.0, 0.0, 0.0], [2.0, 2.0, 0.0, 2.0, 0.0, 0.0, 2.0, 0.0], [4.0, 1.0, 0.0, 0.0, 4.0, 3.0, 4.0, 0.0], [13.0, 10.0, 0.0, 0.0, 3.0, 13.0, 13.0, 0.0], [16.0, 13.0, 0.0, 2.0, 4.0, 13.0, 16.0, 0.0], [0.0, 0.0, 0.0, 0.0, 0.0, 0.0, 0.0, 0.0]], "offdiag_ratio": 0.75}
{"model_name": "FlexOlmo-8x7B-1T-a4-55B-v2", "model_path": "/work/training/FlexMoRE/models/FlexOlmo-8x7B-1T-a4-55B-v2", "record_type": "routing_batch", "run_label": "native_full", "example_id": "mkqa_da_00000", "language": "da", "usage": [0.8461538553237915, 0.0, 0.0, 0.0, 0.03846153989434242, 0.0, 0.11538461595773697, 0.0], "entropy_mean": 1.812319278717041, "coactivation_matrix": [[25.0, 17.0, 2.0, 10.0, 9.0, 16.0, 21.0, 0.0], [17.0, 17.0, 0.0, 5.0, 3.0, 12.0, 14.0, 0.0], [2.0, 0.0, 3.0, 2.0, 2.0, 2.0, 1.0, 0.0], [10.0, 5.0, 2.0, 11.0, 5.0, 5.0, 6.0, 0.0], [9.0, 3.0, 2.0, 5.0, 10.0, 3.0, 8.0, 0.0], [16.0, 12.0, 2.0, 5.0, 3.0, 17.0, 13.0, 0.0], [21.0, 14.0, 1.0, 6.0, 8.0, 13.0, 21.0, 0.0], [0.0, 0.0, 0.0, 0.0, 0.0, 0.0, 0.0, 0.0]], "offdiag_ratio": 0.75}
{"model_name": "FlexOlmo-8x7B-1T-a4-55B-v2", "model_path": "/work/training/FlexMoRE/models/FlexOlmo-8x7B-1T-a4-55B-v2", "record_type": "routing_batch", "run_label": "native_full", "example_id": "mkqa_en_00001", "language": "en", "usage": [1.0, 0.0, 0.0, 0.0, 0.0, 0.0, 0.0, 0.0], "entropy_mean": 1.8559486865997314, "coactivation_matrix": [[14.0, 12.0, 0.0, 1.0, 4.0, 11.0, 14.0, 0.0], [12.0, 12.0, 0.0, 1.0, 2.0, 9.0, 12.0, 0.0], [0.0, 0.0, 0.0, 0.0, 0.0, 0.0, 0.0, 0.0], [1.0, 1.0, 0.0, 1.0, 0.0, 0.0, 1.0, 0.0], [4.0, 2.0, 0.0, 0.0, 4.0, 2.0, 4.0, 0.0], [11.0, 9.0, 0.0, 0.0, 2.0, 11.0, 11.0, 0.0], [14.0, 12.0, 0.0, 1.0, 4.0, 11.0, 14.0, 0.0], [0.0, 0.0, 0.0, 0.0, 0.0, 0.0, 0.0, 0.0]], "offdiag_ratio": 0.75}
{"model_name": "FlexOlmo-8x7B-1T-a4-55B-v2", "model_path": "/work/training/FlexMoRE/models/FlexOlmo-8x7B-1T-a4-55B-v2", "record_type": "routing_batch", "run_label": "native_full", "example_id": "mkqa_da_00001", "language": "da", "usage": [0.9523809552192688, 0.0, 0.0, 0.0, 0.0476190485060215, 0.0, 0.0, 0.0], "entropy_mean": 1.7899110317230225, "coactivation_matrix": [[20.0, 14.0, 1.0, 7.0, 8.0, 13.0, 17.0, 0.0], [14.0, 14.0, 0.0, 3.0, 3.0, 10.0, 12.0, 0.0], [1.0, 0.0, 2.0, 2.0, 1.0, 2.0, 0.0, 0.0], [7.0, 3.0, 2.0, 8.0, 5.0, 3.0, 4.0, 0.0], [8.0, 3.0, 1.0, 5.0, 9.0, 3.0, 7.0, 0.0], [13.0, 10.0, 2.0, 3.0, 3.0, 14.0, 11.0, 0.0], [17.0, 12.0, 0.0, 4.0, 7.0, 11.0, 17.0, 0.0], [0.0, 0.0, 0.0, 0.0, 0.0, 0.0, 0.0, 0.0]], "offdiag_ratio": 0.75}
{"model_name": "FlexOlmo-8x7B-1T-a4-55B-v2", "model_path": "/work/training/FlexMoRE/models/FlexOlmo-8x7B-1T-a4-55B-v2", "record_type": "routing_batch", "run_label": "native_full", "example_id": "mkqa_en_00002", "language": "en", "usage": [1.0, 0.0, 0.0, 0.0, 0.0, 0.0, 0.0, 0.0], "entropy_mean": 1.866553544998169, "coactivation_matrix": [[14.0, 12.0, 0.0, 0.0, 5.0, 12.0, 13.0, 0.0], [12.0, 12.0, 0.0, 0.0, 3.0, 10.0, 11.0, 0.0], [0.0, 0.0, 0.0, 0.0, 0.0, 0.0, 0.0, 0.0], [0.0, 0.0, 0.0, 0.0, 0.0, 0.0, 0.0, 0.0], [5.0, 3.0, 0.0, 0.0, 5.0, 3.0, 4.0, 0.0], [12.0, 10.0, 0.0, 0.0, 3.0, 12.0, 11.0, 0.0], [13.0, 11.0, 0.0, 0.0, 4.0, 11.0, 13.0, 0.0], [0.0, 0.0, 0.0, 0.0, 0.0, 0.0, 0.0, 0.0]], "offdiag_ratio": 0.75}
{"model_name": "FlexOlmo-8x7B-1T-a4-55B-v2", "model_path": "/work/training/FlexMoRE/models/FlexOlmo-8x7B-1T-a4-55B-v2", "record_type": "routing_batch", "run_label": "native_full", "example_id": "mkqa_da_00002", "language": "da", "usage": [1.0, 0.0, 0.0, 0.0, 0.0, 0.0, 0.0, 0.0], "entropy_mean": 1.829133152961731, "coactivation_matrix": [[21.0, 16.0, 1.0, 6.0, 7.0, 15.0, 18.0, 0.0], [16.0, 16.0, 0.0, 2.0, 4.0, 12.0, 14.0, 0.0], [1.0, 0.0, 1.0, 1.0, 0.0, 1.0, 0.0, 0.0], [6.0, 2.0, 1.0, 6.0, 3.0, 3.0, 3.0, 0.0], [7.0, 4.0, 0.0, 3.0, 7.0, 1.0, 6.0, 0.0], [15.0, 12.0, 1.0, 3.0, 1.0, 15.0, 13.0, 0.0], [18.0, 14.0, 0.0, 3.0, 6.0, 13.0, 18.0, 0.0], [0.0, 0.0, 0.0, 0.0, 0.0, 0.0, 0.0, 0.0]], "offdiag_ratio": 0.75}
{"model_name": "FlexOlmo-8x7B-1T-a4-55B-v2", "model_path": "/work/training/FlexMoRE/models/FlexOlmo-8x7B-1T-a4-55B-v2", "record_type": "routing_batch", "run_label": "native_full", "example_id": "mkqa_en_00003", "language": "en", "usage": [1.0, 0.0, 0.0, 0.0, 0.0, 0.0, 0.0, 0.0], "entropy_mean": 1.8520421981811523, "coactivation_matrix": [[13.0, 10.0, 0.0, 1.0, 6.0, 10.0, 12.0, 0.0], [10.0, 10.0, 0.0, 0.0, 3.0, 8.0, 9.0, 0.0], [0.0, 0.0, 0.0, 0.0, 0.0, 0.0, 0.0, 0.0], [1.0, 0.0, 0.0, 1.0, 1.0, 0.0, 1.0, 0.0], [6.0, 3.0, 0.0, 1.0, 6.0, 3.0, 5.0, 0.0], [10.0, 8.0, 0.0, 0.0, 3.0, 10.0, 9.0, 0.0], [12.0, 9.0, 0.0, 1.0, 5.0, 9.0, 12.0, 0.0], [0.0, 0.0, 0.0, 0.0, 0.0, 0.0, 0.0, 0.0]], "offdiag_ratio": 0.75}
{"model_name": "FlexOlmo-8x7B-1T-a4-55B-v2", "model_path": "/work/training/FlexMoRE/models/FlexOlmo-8x7B-1T-a4-55B-v2", "record_type": "routing_batch", "run_label": "native_full", "example_id": "mkqa_da_00003", "language": "da", "usage": [0.8500000238418579, 0.0, 0.0, 0.0, 0.10000000149011612, 0.0, 0.05000000074505806, 0.0], "entropy_mean": 1.8253282308578491, "coactivation_matrix": [[18.0, 13.0, 1.0, 6.0, 9.0, 10.0, 15.0, 0.0], [13.0, 13.0, 0.0, 2.0, 5.0, 8.0, 11.0, 0.0], [1.0, 0.0, 3.0, 2.0, 2.0, 3.0, 1.0, 0.0], [6.0, 2.0, 2.0, 7.0, 5.0, 3.0, 3.0, 0.0], [9.0, 5.0, 2.0, 5.0, 11.0, 3.0, 9.0, 0.0], [10.0, 8.0, 3.0, 3.0, 3.0, 12.0, 9.0, 0.0], [15.0, 11.0, 1.0, 3.0, 9.0, 9.0, 16.0, 0.0], [0.0, 0.0, 0.0, 0.0, 0.0, 0.0, 0.0, 0.0]], "offdiag_ratio": 0.75}
{"model_name": "FlexOlmo-8x7B-1T-a4-55B-v2", "model_path": "/work/training/FlexMoRE/models/FlexOlmo-8x7B-1T-a4-55B-v2", "record_type": "routing_batch", "run_label": "native_full", "example_id": "mkqa_en_00004", "language": "en", "usage": [1.0, 0.0, 0.0, 0.0, 0.0, 0.0, 0.0, 0.0], "entropy_mean": 1.86551833152771, "coactivation_matrix": [[16.0, 14.0, 0.0, 1.0, 6.0, 12.0, 15.0, 0.0], [14.0, 14.0, 0.0, 1.0, 4.0, 10.0, 13.0, 0.0], [0.0, 0.0, 0.0, 0.0, 0.0, 0.0, 0.0, 0.0], [1.0, 1.0, 0.0, 1.0, 0.0, 0.0, 1.0, 0.0], [6.0, 4.0, 0.0, 0.0, 6.0, 3.0, 5.0, 0.0], [12.0, 10.0, 0.0, 0.0, 3.0, 12.0, 11.0, 0.0], [15.0, 13.0, 0.0, 1.0, 5.0, 11.0, 15.0, 0.0], [0.0, 0.0, 0.0, 0.0, 0.0, 0.0, 0.0, 0.0]], "offdiag_ratio": 0.75}
{"model_name": "FlexOlmo-8x7B-1T-a4-55B-v2", "model_path": "/work/training/FlexMoRE/models/FlexOlmo-8x7B-1T-a4-55B-v2", "record_type": "routing_batch", "run_label": "native_full", "example_id": "mkqa_da_00004", "language": "da", "usage": [0.9583333134651184, 0.0, 0.0, 0.0, 0.0, 0.0, 0.0416666679084301, 0.0], "entropy_mean": 1.7910164594650269, "coactivation_matrix": [[24.0, 15.0, 3.0, 11.0, 10.0, 14.0, 19.0, 0.0], [15.0, 15.0, 0.0, 6.0, 3.0, 9.0, 12.0, 0.0], [3.0, 0.0, 3.0, 2.0, 1.0, 1.0, 2.0, 0.0], [11.0, 6.0, 2.0, 11.0, 4.0, 3.0, 7.0, 0.0], [10.0, 3.0, 1.0, 4.0, 10.0, 5.0, 7.0, 0.0], [14.0, 9.0, 1.0, 3.0, 5.0, 14.0, 10.0, 0.0], [19.0, 12.0, 2.0, 7.0, 7.0, 10.0, 19.0, 0.0], [0.0, 0.0, 0.0, 0.0, 0.0, 0.0, 0.0, 0.0]], "offdiag_ratio": 0.75}
{"model_name": "FlexOlmo-8x7B-1T-a4-55B-v2", "model_path": "/work/training/FlexMoRE/models/FlexOlmo-8x7B-1T-a4-55B-v2", "record_type": "routing_batch", "run_label": "native_full", "example_id": "mkqa_en_00005", "language": "en", "usage": [1.0, 0.0, 0.0, 0.0, 0.0, 0.0, 0.0, 0.0], "entropy_mean": 1.8581254482269287, "coactivation_matrix": [[14.0, 11.0, 0.0, 2.0, 3.0, 12.0, 14.0, 0.0], [11.0, 11.0, 0.0, 1.0, 0.0, 10.0, 11.0, 0.0], [0.0, 0.0, 0.0, 0.0, 0.0, 0.0, 0.0, 0.0], [2.0, 1.0, 0.0, 2.0, 1.0, 0.0, 2.0, 0.0], [3.0, 0.0, 0.0, 1.0, 3.0, 2.0, 3.0, 0.0], [12.0, 10.0, 0.0, 0.0, 2.0, 12.0, 12.0, 0.0], [14.0, 11.0, 0.0, 2.0, 3.0, 12.0, 14.0, 0.0], [0.0, 0.0, 0.0, 0.0, 0.0, 0.0, 0.0, 0.0]], "offdiag_ratio": 0.75}
{"model_name": "FlexOlmo-8x7B-1T-a4-55B-v2", "model_path": "/work/training/FlexMoRE/models/FlexOlmo-8x7B-1T-a4-55B-v2", "record_type": "routing_batch", "run_label": "native_full", "example_id": "mkqa_da_00005", "language": "da", "usage": [0.8571428656578064, 0.0, 0.0, 0.0, 0.095238097012043, 0.0, 0.0476190485060215, 0.0], "entropy_mean": 1.8383382558822632, "coactivation_matrix": [[19.0, 14.0, 2.0, 7.0, 8.0, 11.0, 15.0, 0.0], [14.0, 14.0, 1.0, 3.0, 4.0, 9.0, 11.0, 0.0], [2.0, 1.0, 4.0, 2.0, 2.0, 3.0, 2.0, 0.0], [7.0, 3.0, 2.0, 8.0, 5.0, 3.0, 4.0, 0.0], [8.0, 4.0, 2.0, 5.0, 10.0, 4.0, 7.0, 0.0], [11.0, 9.0, 3.0, 3.0, 4.0, 13.0, 9.0, 0.0], [15.0, 11.0, 2.0, 4.0, 7.0, 9.0, 16.0, 0.0], [0.0, 0.0, 0.0, 0.0, 0.0, 0.0, 0.0, 0.0]], "offdiag_ratio": 0.75}
{"model_name": "FlexOlmo-8x7B-1T-a4-55B-v2", "model_path": "/work/training/FlexMoRE/models/FlexOlmo-8x7B-1T-a4-55B-v2", "record_type": "routing_batch", "run_label": "native_full", "example_id": "mkqa_en_00006", "language": "en", "usage": [1.0, 0.0, 0.0, 0.0, 0.0, 0.0, 0.0, 0.0], "entropy_mean": 1.8678697347640991, "coactivation_matrix": [[17.0, 15.0, 0.0, 0.0, 5.0, 15.0, 16.0, 0.0], [15.0, 15.0, 0.0, 0.0, 3.0, 13.0, 14.0, 0.0], [0.0, 0.0, 0.0, 0.0, 0.0, 0.0, 0.0, 0.0], [0.0, 0.0, 0.0, 0.0, 0.0, 0.0, 0.0, 0.0], [5.0, 3.0, 0.0, 0.0, 5.0, 3.0, 4.0, 0.0], [15.0, 13.0, 0.0, 0.0, 3.0, 15.0, 14.0, 0.0], [16.0, 14.0, 0.0, 0.0, 4.0, 14.0, 16.0, 0.0], [0.0, 0.0, 0.0, 0.0, 0.0, 0.0, 0.0, 0.0]], "offdiag_ratio": 0.75}
{"model_name": "FlexOlmo-8x7B-1T-a4-55B-v2", "model_path": "/work/training/FlexMoRE/models/FlexOlmo-8x7B-1T-a4-55B-v2", "record_type": "routing_batch", "run_label": "native_full", "example_id": "mkqa_da_00006", "language": "da", "usage": [0.8965517282485962, 0.0, 0.03448275849223137, 0.0, 0.03448275849223137, 0.0, 0.03448275849223137, 0.0], "entropy_mean": 1.8074358701705933, "coactivation_matrix": [[29.0, 20.0, 3.0, 11.0, 10.0, 20.0, 23.0, 0.0], [20.0, 20.0, 1.0, 6.0, 5.0, 13.0, 15.0, 0.0], [3.0, 1.0, 3.0, 1.0, 2.0, 1.0, 1.0, 0.0], [11.0, 6.0, 1.0, 11.0, 3.0, 6.0, 6.0, 0.0], [10.0, 5.0, 2.0, 3.0, 10.0, 3.0, 7.0, 0.0], [20.0, 13.0, 1.0, 6.0, 3.0, 20.0, 17.0, 0.0], [23.0, 15.0, 1.0, 6.0, 7.0, 17.0, 23.0, 0.0], [0.0, 0.0, 0.0, 0.0, 0.0, 0.0, 0.0, 0.0]], "offdiag_ratio": 0.75}
{"model_name": "FlexOlmo-8x7B-1T-a4-55B-v2", "model_path": "/work/training/FlexMoRE/models/FlexOlmo-8x7B-1T-a4-55B-v2", "record_type": "routing_batch", "run_label": "native_full", "example_id": "mkqa_en_00007", "language": "en", "usage": [1.0, 0.0, 0.0, 0.0, 0.0, 0.0, 0.0, 0.0], "entropy_mean": 1.8792170286178589, "coactivation_matrix": [[13.0, 11.0, 0.0, 0.0, 5.0, 11.0, 12.0, 0.0], [11.0, 11.0, 0.0, 0.0, 3.0, 9.0, 10.0, 0.0], [0.0, 0.0, 0.0, 0.0, 0.0, 0.0, 0.0, 0.0], [0.0, 0.0, 0.0, 0.0, 0.0, 0.0, 0.0, 0.0], [5.0, 3.0, 0.0, 0.0, 5.0, 3.0, 4.0, 0.0], [11.0, 9.0, 0.0, 0.0, 3.0, 11.0, 10.0, 0.0], [12.0, 10.0, 0.0, 0.0, 4.0, 10.0, 12.0, 0.0], [0.0, 0.0, 0.0, 0.0, 0.0, 0.0, 0.0, 0.0]], "offdiag_ratio": 0.75}
{"model_name": "FlexOlmo-8x7B-1T-a4-55B-v2", "model_path": "/work/training/FlexMoRE/models/FlexOlmo-8x7B-1T-a4-55B-v2", "record_type": "routing_batch", "run_label": "native_full", "example_id": "mkqa_da_00007", "language": "da", "usage": [1.0, 0.0, 0.0, 0.0, 0.0, 0.0, 0.0, 0.0], "entropy_mean": 1.8149490356445312, "coactivation_matrix": [[20.0, 15.0, 1.0, 8.0, 7.0, 14.0, 15.0, 0.0], [15.0, 15.0, 0.0, 4.0, 3.0, 12.0, 11.0, 0.0], [1.0, 0.0, 1.0, 1.0, 0.0, 1.0, 0.0, 0.0], [8.0, 4.0, 1.0, 8.0, 4.0, 4.0, 3.0, 0.0], [7.0, 3.0, 0.0, 4.0, 7.0, 1.0, 6.0, 0.0], [14.0, 12.0, 1.0, 4.0, 1.0, 14.0, 10.0, 0.0], [15.0, 11.0, 0.0, 3.0, 6.0, 10.0, 15.0, 0.0], [0.0, 0.0, 0.0, 0.0, 0.0, 0.0, 0.0, 0.0]], "offdiag_ratio": 0.75}
{"model_name": "FlexOlmo-8x7B-1T-a4-55B-v2", "model_path": "/work/training/FlexMoRE/models/FlexOlmo-8x7B-1T-a4-55B-v2", "record_type": "routing_aggregate", "num_batches": 16, "usage": [0.9600351452827454, 0.0, 0.0021551724057644606, 0.0, 0.019737590104341507, 0.0, 0.018072068691253662, 0.0], "entropy_mean": 1.8388093188405037, "coactivation_matrix": [[9562.0, 5723.0, 2678.0, 8041.0, 1445.0, 2313.0, 8455.0, 31.0], [5723.0, 5723.0, 632.0, 4493.0, 428.0, 891.0, 4980.0, 22.0], [2678.0, 632.0, 2684.0, 2066.0, 365.0, 270.0, 2041.0, 0.0], [8041.0, 4493.0, 2066.0, 8045.0, 879.0, 1452.0, 7203.0, 1.0], [1445.0, 428.0, 365.0, 879.0, 1451.0, 283.0, 945.0, 8.0], [2313.0, 891.0, 270.0, 1452.0, 283.0, 2319.0, 1732.0, 16.0], [8455.0, 4980.0, 2041.0, 7203.0, 945.0, 1732.0, 8457.0, 15.0], [31.0, 22.0, 0.0, 1.0, 8.0, 16.0, 15.0, 31.0]], "layer_coactivation_matrices": [[[293.0, 222.0, 14.0, 73.0, 106.0, 209.0, 255.0, 0.0], [222.0, 222.0, 2.0, 36.0, 49.0, 164.0, 193.0, 0.0], [14.0, 2.0, 20.0, 13.0, 10.0, 14.0, 7.0, 0.0], [73.0, 36.0, 13.0, 77.0, 36.0, 30.0, 43.0, 0.0], [106.0, 49.0, 10.0, 36.0, 112.0, 45.0, 90.0, 0.0], [209.0, 164.0, 14.0, 30.0, 45.0, 215.0, 183.0, 0.0], [255.0, 193.0, 7.0, 43.0, 90.0, 183.0, 257.0, 0.0], [0.0, 0.0, 0.0, 0.0, 0.0, 0.0, 0.0, 0.0]], [[299.0, 266.0, 16.0, 164.0, 65.0, 123.0, 263.0, 0.0], [266.0, 266.0, 4.0, 135.0, 52.0, 102.0, 239.0, 0.0], [16.0, 4.0, 16.0, 11.0, 2.0, 9.0, 6.0, 0.0], [164.0, 135.0, 11.0, 164.0, 20.0, 29.0, 133.0, 0.0], [65.0, 52.0, 2.0, 20.0, 65.0, 7.0, 49.0, 0.0], [123.0, 102.0, 9.0, 29.0, 7.0, 123.0, 99.0, 0.0], [263.0, 239.0, 6.0, 133.0, 49.0, 99.0, 263.0, 0.0], [0.0, 0.0, 0.0, 0.0, 0.0, 0.0, 0.0, 0.0]], [[299.0, 181.0, 14.0, 249.0, 32.0, 210.0, 211.0, 0.0], [181.0, 181.0, 4.0, 139.0, 18.0, 96.0, 105.0, 0.0], [14.0, 4.0, 14.0, 6.0, 0.0, 9.0, 9.0, 0.0], [249.0, 139.0, 6.0, 249.0, 23.0, 160.0, 170.0, 0.0], [32.0, 18.0, 0.0, 23.0, 32.0, 20.0, 3.0, 0.0], [210.0, 96.0, 9.0, 160.0, 20.0, 210.0, 135.0, 0.0], [211.0, 105.0, 9.0, 170.0, 3.0, 135.0, 211.0, 0.0], [0.0, 0.0, 0.0, 0.0, 0.0, 0.0, 0.0, 0.0]], [[299.0, 202.0, 12.0, 252.0, 131.0, 8.0, 292.0, 0.0], [202.0, 202.0, 1.0, 172.0, 34.0, 0.0, 197.0, 0.0], [12.0, 1.0, 12.0, 2.0, 12.0, 0.0, 9.0, 0.0], [252.0, 172.0, 2.0, 252.0, 84.0, 0.0, 246.0, 0.0], [131.0, 34.0, 12.0, 84.0, 131.0, 8.0, 124.0, 0.0], [8.0, 0.0, 0.0, 0.0, 8.0, 8.0, 8.0, 0.0], [292.0, 197.0, 9.0, 246.0, 124.0, 8.0, 292.0, 0.0], [0.0, 0.0, 0.0, 0.0, 0.0, 0.0, 0.0, 0.0]], [[299.0, 197.0, 43.0, 290.0, 35.0, 38.0, 294.0, 0.0], [197.0, 197.0, 1.0, 188.0, 4.0, 9.0, 192.0, 0.0], [43.0, 1.0, 43.0, 43.0, 0.0, 0.0, 42.0, 0.0], [290.0, 188.0, 43.0, 290.0, 35.0, 29.0, 285.0, 0.0], [35.0, 4.0, 0.0, 35.0, 35.0, 0.0, 31.0, 0.0], [38.0, 9.0, 0.0, 29.0, 0.0, 38.0, 38.0, 0.0], [294.0, 192.0, 42.0, 285.0, 31.0, 38.0, 294.0, 0.0], [0.0, 0.0, 0.0, 0.0, 0.0, 0.0, 0.0, 0.0]], [[299.0, 156.0, 69.0, 288.0, 53.0, 33.0, 298.0, 0.0], [156.0, 156.0, 10.0, 146.0, 1.0, 0.0, 155.0, 0.0], [69.0, 10.0, 69.0, 59.0, 1.0, 0.0, 68.0, 0.0], [288.0, 146.0, 59.0, 288.0, 51.0, 33.0, 287.0, 0.0], [53.0, 1.0, 1.0, 51.0, 53.0, 0.0, 53.0, 0.0], [33.0, 0.0, 0.0, 33.0, 0.0, 33.0, 33.0, 0.0], [298.0, 155.0, 68.0, 287.0, 53.0, 33.0, 298.0, 0.0], [0.0, 0.0, 0.0, 0.0, 0.0, 0.0, 0.0, 0.0]], [[299.0, 131.0, 25.0, 299.0, 55.0, 88.0, 299.0, 0.0], [131.0, 131.0, 0.0, 131.0, 0.0, 0.0, 131.0, 0.0], [25.0, 0.0, 25.0, 25.0, 0.0, 0.0, 25.0, 0.0], [299.0, 131.0, 25.0, 299.0, 55.0, 88.0, 299.0, 0.0], [55.0, 0.0, 0.0, 55.0, 55.0, 0.0, 55.0, 0.0], [88.0, 0.0, 0.0, 88.0, 0.0, 88.0, 88.0, 0.0], [299.0, 131.0, 25.0, 299.0, 55.0, 88.0, 299.0, 0.0], [0.0, 0.0, 0.0, 0.0, 0.0, 0.0, 0.0, 0.0]], [[299.0, 181.0, 65.0, 279.0, 28.0, 53.0, 291.0, 0.0], [181.0, 181.0, 10.0, 161.0, 1.0, 9.0, 181.0, 0.0], [65.0, 10.0, 65.0, 55.0, 0.0, 8.0, 57.0, 0.0], [279.0, 161.0, 55.0, 279.0, 27.0, 44.0, 271.0, 0.0], [28.0, 1.0, 0.0, 27.0, 28.0, 0.0, 28.0, 0.0], [53.0, 9.0, 8.0, 44.0, 0.0, 53.0, 45.0, 0.0], [291.0, 181.0, 57.0, 271.0, 28.0, 45.0, 291.0, 0.0], [0.0, 0.0, 0.0, 0.0, 0.0, 0.0, 0.0, 0.0]], [[299.0, 129.0, 103.0, 291.0, 29.0, 62.0, 283.0, 0.0], [129.0, 129.0, 0.0, 129.0, 0.0, 8.0, 121.0, 0.0], [103.0, 0.0, 103.0, 95.0, 8.0, 8.0, 95.0, 0.0], [291.0, 129.0, 95.0, 291.0, 29.0, 54.0, 275.0, 0.0], [29.0, 0.0, 8.0, 29.0, 29.0, 0.0, 21.0, 0.0], [62.0, 8.0, 8.0, 54.0, 0.0, 62.0, 54.0, 0.0], [283.0, 121.0, 95.0, 275.0, 21.0, 54.0, 283.0, 0.0], [0.0, 0.0, 0.0, 0.0, 0.0, 0.0, 0.0, 0.0]], [[299.0, 272.0, 54.0, 282.0, 31.0, 24.0, 234.0, 0.0], [272.0, 272.0, 35.0, 255.0, 16.0, 24.0, 214.0, 0.0], [54.0, 35.0, 54.0, 53.0, 7.0, 0.0, 13.0, 0.0], [282.0, 255.0, 53.0, 282.0, 31.0, 8.0, 217.0, 0.0], [31.0, 16.0, 7.0, 31.0, 31.0, 0.0, 8.0, 0.0], [24.0, 24.0, 0.0, 8.0, 0.0, 24.0, 16.0, 0.0], [234.0, 214.0, 13.0, 217.0, 8.0, 16.0, 234.0, 0.0], [0.0, 0.0, 0.0, 0.0, 0.0, 0.0, 0.0, 0.0]], [[299.0, 101.0, 152.0, 270.0, 82.0, 41.0, 251.0, 0.0], [101.0, 101.0, 5.0, 79.0, 34.0, 16.0, 68.0, 0.0], [152.0, 5.0, 152.0, 140.0, 22.0, 0.0, 137.0, 0.0], [270.0, 79.0, 140.0, 270.0, 58.0, 25.0, 238.0, 0.0], [82.0, 34.0, 22.0, 58.0, 82.0, 16.0, 34.0, 0.0], [41.0, 16.0, 0.0, 25.0, 16.0, 41.0, 25.0, 0.0], [251.0, 68.0, 137.0, 238.0, 34.0, 25.0, 251.0, 0.0], [0.0, 0.0, 0.0, 0.0, 0.0, 0.0, 0.0, 0.0]], [[299.0, 104.0, 137.0, 283.0, 61.0, 60.0, 252.0, 0.0], [104.0, 104.0, 6.0, 90.0, 10.0, 24.0, 78.0, 0.0], [137.0, 6.0, 137.0, 130.0, 23.0, 0.0, 115.0, 0.0], [283.0, 90.0, 130.0, 283.0, 50.0, 52.0, 244.0, 0.0], [61.0, 10.0, 23.0, 50.0, 61.0, 8.0, 31.0, 0.0], [60.0, 24.0, 0.0, 52.0, 8.0, 60.0, 36.0, 0.0], [252.0, 78.0, 115.0, 244.0, 31.0, 36.0, 252.0, 0.0], [0.0, 0.0, 0.0, 0.0, 0.0, 0.0, 0.0, 0.0]], [[299.0, 174.0, 92.0, 265.0, 50.0, 38.0, 278.0, 0.0], [174.0, 174.0, 0.0, 142.0, 16.0, 32.0, 158.0, 0.0], [92.0, 0.0, 92.0, 90.0, 7.0, 0.0, 87.0, 0.0], [265.0, 142.0, 90.0, 265.0, 32.0, 6.0, 260.0, 0.0], [50.0, 16.0, 7.0, 32.0, 50.0, 16.0, 29.0, 0.0], [38.0, 32.0, 0.0, 6.0, 16.0, 38.0, 22.0, 0.0], [278.0, 158.0, 87.0, 260.0, 29.0, 22.0, 278.0, 0.0], [0.0, 0.0, 0.0, 0.0, 0.0, 0.0, 0.0, 0.0]], [[299.0, 137.0, 165.0, 211.0, 101.0, 32.0, 251.0, 0.0], [137.0, 137.0, 41.0, 76.0, 28.0, 10.0, 119.0, 0.0], [165.0, 41.0, 165.0, 106.0, 66.0, 0.0, 117.0, 0.0], [211.0, 76.0, 106.0, 211.0, 46.0, 14.0, 180.0, 0.0], [101.0, 28.0, 66.0, 46.0, 101.0, 8.0, 54.0, 0.0], [32.0, 10.0, 0.0, 14.0, 8.0, 32.0, 32.0, 0.0], [251.0, 119.0, 117.0, 180.0, 54.0, 32.0, 251.0, 0.0], [0.0, 0.0, 0.0, 0.0, 0.0, 0.0, 0.0, 0.0]], [[299.0, 198.0, 117.0, 205.0, 55.0, 46.0, 260.0, 16.0], [198.0, 198.0, 45.0, 125.0, 12.0, 35.0, 171.0, 8.0], [117.0, 45.0, 117.0, 59.0, 17.0, 1.0, 112.0, 0.0], [205.0, 125.0, 59.0, 205.0, 23.0, 20.0, 183.0, 0.0], [55.0, 12.0, 17.0, 23.0, 55.0, 8.0, 42.0, 8.0], [46.0, 35.0, 1.0, 20.0, 8.0, 46.0, 12.0, 16.0], [260.0, 171.0, 112.0, 183.0, 42.0, 12.0, 260.0, 0.0], [16.0, 8.0, 0.0, 0.0, 8.0, 16.0, 0.0, 16.0]], [[299.0, 86.0, 183.0, 241.0, 74.0, 46.0, 267.0, 0.0], [86.0, 86.0, 14.0, 55.0, 17.0, 16.0, 70.0, 0.0], [183.0, 14.0, 183.0, 142.0, 33.0, 10.0, 167.0, 0.0], [241.0, 55.0, 142.0, 241.0, 32.0, 28.0, 225.0, 0.0], [74.0, 17.0, 33.0, 32.0, 74.0, 16.0, 50.0, 0.0], [46.0, 16.0, 10.0, 28.0, 16.0, 46.0, 22.0, 0.0], [267.0, 70.0, 167.0, 225.0, 50.0, 22.0, 267.0, 0.0], [0.0, 0.0, 0.0, 0.0, 0.0, 0.0, 0.0, 0.0]], [[299.0, 107.0, 112.0, 288.0, 39.0, 82.0, 269.0, 0.0], [107.0, 107.0, 1.0, 96.0, 9.0, 10.0, 98.0, 0.0], [112.0, 1.0, 112.0, 111.0, 3.0, 18.0, 91.0, 0.0], [288.0, 96.0, 111.0, 288.0, 31.0, 72.0, 266.0, 0.0], [39.0, 9.0, 3.0, 31.0, 39.0, 8.0, 27.0, 0.0], [82.0, 10.0, 18.0, 72.0, 8.0, 82.0, 56.0, 0.0], [269.0, 98.0, 91.0, 266.0, 27.0, 56.0, 269.0, 0.0], [0.0, 0.0, 0.0, 0.0, 0.0, 0.0, 0.0, 0.0]], [[299.0, 103.0, 123.0, 267.0, 46.0, 93.0, 265.0, 0.0], [103.0, 103.0, 11.0, 92.0, 1.0, 3.0, 99.0, 0.0], [123.0, 11.0, 123.0, 102.0, 16.0, 26.0, 91.0, 0.0], [267.0, 92.0, 102.0, 267.0, 26.0, 73.0, 241.0, 0.0], [46.0, 1.0, 16.0, 26.0, 46.0, 17.0, 32.0, 0.0], [93.0, 3.0, 26.0, 73.0, 17.0, 93.0, 67.0, 0.0], [265.0, 99.0, 91.0, 241.0, 32.0, 67.0, 265.0, 0.0], [0.0, 0.0, 0.0, 0.0, 0.0, 0.0, 0.0, 0.0]], [[299.0, 110.0, 136.0, 263.0, 43.0, 81.0, 264.0, 0.0], [110.0, 110.0, 8.0, 85.0, 16.0, 9.0, 102.0, 0.0], [136.0, 8.0, 136.0, 118.0, 11.0, 26.0, 109.0, 0.0], [263.0, 85.0, 118.0, 263.0, 16.0, 63.0, 244.0, 0.0], [43.0, 16.0, 11.0, 16.0, 43.0, 17.0, 26.0, 0.0], [81.0, 9.0, 26.0, 63.0, 17.0, 81.0, 47.0, 0.0], [264.0, 102.0, 109.0, 244.0, 26.0, 47.0, 264.0, 0.0], [0.0, 0.0, 0.0, 0.0, 0.0, 0.0, 0.0, 0.0]], [[299.0, 156.0, 105.0, 271.0, 41.0, 65.0, 259.0, 0.0], [156.0, 156.0, 9.0, 139.0, 8.0, 9.0, 147.0, 0.0], [105.0, 9.0, 105.0, 86.0, 16.0, 26.0, 73.0, 0.0], [271.0, 139.0, 86.0, 271.0, 22.0, 48.0, 247.0, 0.0], [41.0, 8.0, 16.0, 22.0, 41.0, 16.0, 20.0, 0.0], [65.0, 9.0, 26.0, 48.0, 16.0, 65.0, 31.0, 0.0], [259.0, 147.0, 73.0, 247.0, 20.0, 31.0, 259.0, 0.0], [0.0, 0.0, 0.0, 0.0, 0.0, 0.0, 0.0, 0.0]], [[299.0, 235.0, 61.0, 253.0, 25.0, 51.0, 272.0, 0.0], [235.0, 235.0, 27.0, 197.0, 13.0, 24.0, 209.0, 0.0], [61.0, 27.0, 61.0, 36.0, 1.0, 0.0, 58.0, 0.0], [253.0, 197.0, 36.0, 253.0, 4.0, 35.0, 234.0, 0.0], [25.0, 13.0, 1.0, 4.0, 25.0, 16.0, 16.0, 0.0], [51.0, 24.0, 0.0, 35.0, 16.0, 51.0, 27.0, 0.0], [272.0, 209.0, 58.0, 234.0, 16.0, 27.0, 272.0, 0.0], [0.0, 0.0, 0.0, 0.0, 0.0, 0.0, 0.0, 0.0]], [[299.0, 146.0, 102.0, 273.0, 54.0, 60.0, 262.0, 0.0], [146.0, 146.0, 13.0, 121.0, 8.0, 16.0, 134.0, 0.0], [102.0, 13.0, 102.0, 92.0, 26.0, 0.0, 73.0, 0.0], [273.0, 121.0, 92.0, 273.0, 45.0, 44.0, 244.0, 0.0], [54.0, 8.0, 26.0, 45.0, 54.0, 8.0, 21.0, 0.0], [60.0, 16.0, 0.0, 44.0, 8.0, 60.0, 52.0, 0.0], [262.0, 134.0, 73.0, 244.0, 21.0, 52.0, 262.0, 0.0], [0.0, 0.0, 0.0, 0.0, 0.0, 0.0, 0.0, 0.0]], [[299.0, 185.0, 81.0, 260.0, 41.0, 68.0, 262.0, 0.0], [185.0, 185.0, 8.0, 162.0, 16.0, 16.0, 168.0, 0.0], [81.0, 8.0, 81.0, 58.0, 20.0, 16.0, 60.0, 0.0], [260.0, 162.0, 58.0, 260.0, 9.0, 36.0, 255.0, 0.0], [41.0, 16.0, 20.0, 9.0, 41.0, 32.0, 5.0, 0.0], [68.0, 16.0, 16.0, 36.0, 32.0, 68.0, 36.0, 0.0], [262.0, 168.0, 60.0, 255.0, 5.0, 36.0, 262.0, 0.0], [0.0, 0.0, 0.0, 0.0, 0.0, 0.0, 0.0, 0.0]], [[299.0, 214.0, 89.0, 250.0, 13.0, 63.0, 268.0, 0.0], [214.0, 214.0, 28.0, 181.0, 2.0, 25.0, 192.0, 0.0], [89.0, 28.0, 89.0, 50.0, 7.0, 34.0, 59.0, 0.0], [250.0, 181.0, 50.0, 250.0, 12.0, 22.0, 235.0, 0.0], [13.0, 2.0, 7.0, 12.0, 13.0, 0.0, 5.0, 0.0], [63.0, 25.0, 34.0, 22.0, 0.0, 63.0, 45.0, 0.0], [268.0, 192.0, 59.0, 235.0, 5.0, 45.0, 268.0, 0.0], [0.0, 0.0, 0.0, 0.0, 0.0, 0.0, 0.0, 0.0]], [[299.0, 191.0, 64.0, 247.0, 33.0, 84.0, 278.0, 0.0], [191.0, 191.0, 27.0, 148.0, 17.0, 17.0, 173.0, 0.0], [64.0, 27.0, 64.0, 30.0, 3.0, 9.0, 59.0, 0.0], [247.0, 148.0, 30.0, 247.0, 16.0, 58.0, 242.0, 0.0], [33.0, 17.0, 3.0, 16.0, 33.0, 16.0, 14.0, 0.0], [84.0, 17.0, 9.0, 58.0, 16.0, 84.0, 68.0, 0.0], [278.0, 173.0, 59.0, 242.0, 14.0, 68.0, 278.0, 0.0], [0.0, 0.0, 0.0, 0.0, 0.0, 0.0, 0.0, 0.0]], [[299.0, 231.0, 58.0, 249.0, 20.0, 79.0, 260.0, 0.0], [231.0, 231.0, 40.0, 182.0, 8.0, 35.0, 197.0, 0.0], [58.0, 40.0, 58.0, 27.0, 8.0, 0.0, 41.0, 0.0], [249.0, 182.0, 27.0, 249.0, 15.0, 62.0, 212.0, 0.0], [20.0, 8.0, 8.0, 15.0, 20.0, 0.0, 9.0, 0.0], [79.0, 35.0, 0.0, 62.0, 0.0, 79.0, 61.0, 0.0], [260.0, 197.0, 41.0, 212.0, 9.0, 61.0, 260.0, 0.0], [0.0, 0.0, 0.0, 0.0, 0.0, 0.0, 0.0, 0.0]], [[299.0, 225.0, 71.0, 241.0, 22.0, 73.0, 264.0, 1.0], [225.0, 225.0, 35.0, 171.0, 10.0, 24.0, 209.0, 1.0], [71.0, 35.0, 71.0, 43.0, 11.0, 16.0, 37.0, 0.0], [241.0, 171.0, 43.0, 241.0, 9.0, 49.0, 210.0, 0.0], [22.0, 10.0, 11.0, 9.0, 22.0, 0.0, 14.0, 0.0], [73.0, 24.0, 16.0, 49.0, 0.0, 73.0, 57.0, 0.0], [264.0, 209.0, 37.0, 210.0, 14.0, 57.0, 264.0, 1.0], [1.0, 1.0, 0.0, 0.0, 0.0, 0.0, 1.0, 1.0]], [[299.0, 202.0, 91.0, 221.0, 31.0, 91.0, 259.0, 2.0], [202.0, 202.0, 45.0, 141.0, 10.0, 41.0, 165.0, 2.0], [91.0, 45.0, 91.0, 41.0, 15.0, 12.0, 69.0, 0.0], [221.0, 141.0, 41.0, 221.0, 13.0, 59.0, 188.0, 0.0], [31.0, 10.0, 15.0, 13.0, 31.0, 0.0, 24.0, 0.0], [91.0, 41.0, 12.0, 59.0, 0.0, 91.0, 70.0, 0.0], [259.0, 165.0, 69.0, 188.0, 24.0, 70.0, 259.0, 2.0], [2.0, 2.0, 0.0, 0.0, 0.0, 0.0, 2.0, 2.0]], [[299.0, 237.0, 47.0, 231.0, 16.0, 88.0, 266.0, 12.0], [237.0, 237.0, 33.0, 174.0, 6.0, 45.0, 205.0, 11.0], [47.0, 33.0, 47.0, 20.0, 4.0, 4.0, 33.0, 0.0], [231.0, 174.0, 20.0, 231.0, 8.0, 58.0, 201.0, 1.0], [16.0, 6.0, 4.0, 8.0, 16.0, 1.0, 13.0, 0.0], [88.0, 45.0, 4.0, 58.0, 1.0, 88.0, 68.0, 0.0], [266.0, 205.0, 33.0, 201.0, 13.0, 68.0, 266.0, 12.0], [12.0, 11.0, 0.0, 1.0, 0.0, 0.0, 12.0, 12.0]], [[299.0, 230.0, 137.0, 258.0, 23.0, 60.0, 189.0, 0.0], [230.0, 230.0, 98.0, 200.0, 8.0, 23.0, 131.0, 0.0], [137.0, 98.0, 137.0, 102.0, 13.0, 21.0, 40.0, 0.0], [258.0, 200.0, 102.0, 258.0, 16.0, 38.0, 160.0, 0.0], [23.0, 8.0, 13.0, 16.0, 23.0, 0.0, 9.0, 0.0], [60.0, 23.0, 21.0, 38.0, 0.0, 60.0, 38.0, 0.0], [189.0, 131.0, 40.0, 160.0, 9.0, 38.0, 189.0, 0.0], [0.0, 0.0, 0.0, 0.0, 0.0, 0.0, 0.0, 0.0]], [[299.0, 200.0, 98.0, 290.0, 8.0, 51.0, 250.0, 0.0], [200.0, 200.0, 51.0, 192.0, 2.0, 0.0, 155.0, 0.0], [98.0, 51.0, 98.0, 91.0, 3.0, 2.0, 49.0, 0.0], [290.0, 192.0, 91.0, 290.0, 5.0, 51.0, 241.0, 0.0], [8.0, 2.0, 3.0, 5.0, 8.0, 0.0, 6.0, 0.0], [51.0, 0.0, 2.0, 51.0, 0.0, 51.0, 49.0, 0.0], [250.0, 155.0, 49.0, 241.0, 6.0, 49.0, 250.0, 0.0], [0.0, 0.0, 0.0, 0.0, 0.0, 0.0, 0.0, 0.0]], [[299.0, 214.0, 42.0, 237.0, 2.0, 113.0, 289.0, 0.0], [214.0, 214.0, 20.0, 153.0, 2.0, 49.0, 204.0, 0.0], [42.0, 20.0, 42.0, 30.0, 0.0, 1.0, 33.0, 0.0], [237.0, 153.0, 30.0, 237.0, 0.0, 64.0, 227.0, 0.0], [2.0, 2.0, 0.0, 0.0, 2.0, 0.0, 2.0, 0.0], [113.0, 49.0, 1.0, 64.0, 0.0, 113.0, 112.0, 0.0], [289.0, 204.0, 33.0, 227.0, 2.0, 112.0, 289.0, 0.0], [0.0, 0.0, 0.0, 0.0, 0.0, 0.0, 0.0, 0.0]]], "offdiag_ratio": 0.75}
